# Created by Octave 5.1.0, Tue May 28 16:03:21 2019 GMT <unknown@MIKU-PC>
# name: sobol_02_matrix
# type: uint32 matrix
# ndims: 2
 2 32
 1
 1
 2
 3
 4
 5
 8
 15
 16
 17
 32
 51
 64
 85
 128
 255
 256
 257
 512
 771
 1024
 1285
 2048
 3855
 4096
 4369
 8192
 13107
 16384
 21845
 32768
 65535
 65536
 65537
 131072
 196611
 262144
 327685
 524288
 983055
 1048576
 1114129
 2097152
 3342387
 4194304
 5570645
 8388608
 16711935
 16777216
 16843009
 33554432
 50529027
 67108864
 84215045
 134217728
 252645135
 268435456
 286331153
 536870912
 858993459
 1073741824
 1431655765
 2147483648
 4294967295


